3,2
3,1
3,3
10,297
10,243
10,93
10,263
10,257
10,75
10,261
10,1
10,143
10,2
10,3
11,10
11,12
11,27
11,4
11,19
11,7
11,16
11,1
11,13
11,2
11,3
9,7
9,1
9,5
9,2
9,3
8,8
8,7
8,13
8,5
8,1
8,10
8,2
8,3
12,2
12,1
12,3
20,2
20,1
20,3
19,2
19,1
19,3
18,1
18,3
14,1
14,3
13,1
13,3
2,2
2,1
2,3
236,4
236,3
236,2
236,1
236,0
234,3
234,2
234,1
234,0
233,4
233,3
233,2
233,1
233,0
231,5
231,4
231,3
231,2
231,1
231,0
230,4
230,3
230,2
230,1
230,0
229,3
229,2
229,1
229,0
228,4
228,3
228,2
228,1
228,0
227,3
227,2
227,1
227,0
0,0
244,34
244,33
244,32
244,31
244,30
244,29
244,28
244,27
244,26
244,25
244,24
244,23
